5.4275
2.8095
6.6977
3.116
6.3588
6.908
5.9789
2.9681
8.3661
4.7107
8.8784
8.5953
8.9105
4.1122
3.9051
5.8692
6.0811
2.8071
2.7768
7.6144
5.6368
7.0553
6.4971
6.0431
8.9082
5.2077
7.9045
9.1868
6.6927
4.1771
8.3486
2.8785
3.834
8.7214
5.5266
7.7435
4.2579
9.1247
6.5231
5.3139
8.7643
4.9534
6.4248
3.6978
6.5128
6.2397
6.3996
4.8389
3.7959
6.1689
7.849
4.9709
5.7112
8.4614
8.0489
8.331
8.8478
4.3792
2.823
3.5652
3.3263
7.1226
2.6052
7.874
4.1649
8.5969
4.2925
8.8815
4.8582
7.815
3.1314
6.9732
4.3062
7.8998
8.4345
2.6526
6.9682
7.3109
5.3892
3.7259
7.622
3.5701
5.1522
8.3978
8.5052
5.7937
4.843
4.7831
7.7289
8.6108
8.5721
5.0315
7.5483
5.4841
7.1529
7.5015
3.5124
6.9682
3.4537
7.0098
6.9543
2.6462
4.5383
3.3286
6.4396
6.6106
7.7985
7.268
8.8082
5.7295
6.148
5.6461
7.1074
3.6212
4.4445
6.2922
5.1841
3.2453
8.1887
5.6996
5.0692
3.9585
6.3548
5.6524
5.8881
5.9003
4.6673
3.2516
4.6065
2.9414
3.4286
4.2019
3.4782
8.4264
3.2648
8.7458
8.1328
5.5967
3.7866
4.1899
7.9971
5.3161
4.4703
8.4137
8.3223
7.9792
2.7872
7.0805
8.0942
4.2546
2.9758
6.5246
2.727
6.098
3.9947
7.0231
2.6272
8.1693
3.9485
7.6105
4.0894
2.9825
5.3825
6.4622
9.0051
7.0735
5.1792
2.865
6.7753
3.1259
4.6298
6.5641
5.187
8.7625
8.9512
5.7503
8.9476
2.9864
3.8009
2.511
8.3566
8.2644
2.6372
2.5495
4.6837
7.8784
6.0615
8.925
3.2254
8.0007
7.114
7.9444
7.7301
5.4505
7.5558
8.5985
3.4375
8.0097
4.5858
4.3198
8.0333
4.0833
3.9139
7.852
4.5447
5.0223
2.6324
6.4846
6.0185
2.6249
5.0842
4.8161
3.283
5.9992
8.4329
9.016
7.4012
6.0513
9.1984
4.8177
4.9473
2.5737
2.5511
3.8962
7.6045
7.8108
4.7904
2.8827
3.8131
6.4117
8.6947
4.9799
4.1572
3.3971
8.421
5.731
4.7833
4.6652
7.2789
5.1139
4.7186
5.9019
2.7223
7.7402
7.2434
7.7123
4.2046
4.5555
7.9807
3.419
7.1737
8.797
5.1529
5.0208
2.875
3.358
3.1833
7.5677
8.3023
9.1772
3.1598
3.6562
5.7463
8.7797
5.9143
3.9492
2.8448
6.8547
5.2001
3.9795
2.8216
5.6252
6.3219
7.3877
9.002
5.8682
5.0035
7.5588
5.363
6.6468
8.0909
3.1771
5.8831
7.9617
5.0469
3.407
7.3699
3.1609
7.5953
7.2134
8.382
8.1689
4.6964
3.1779
7.1431
3.0687
5.9193
5.4305
4.3925
7.1768
6.3186
5.8701
2.843
8.6159
4.3626
7.1322
2.8312
4.6724
2.6379
3.234
3.9388
8.7039
7.1038
4.9518
9.155
2.9309
5.9339
7.894
7.3924
6.5029
3.2546
6.1622
8.4509
4.2099
5.1503
4.2058
5.3256
6.9916
8.6846
3.6983
8.5176
7.094
7.3318
5.1215
8.0222
6.6749
8.0715
3.0684
2.6735
2.5718
7.9001
3.1501
4.7437
5.2538
9.1443
9.0775
3.966
4.9793
3.7857
3.6987
6.6409
8.8201
3.5668
8.1723
7.4626
5.0754
4.2457
7.7539
4.6711
5.0382
8.8766
5.4463
5.8179
2.8928
4.5712
3.3577
2.6321
3.4033
4.5115
4.0592
6.8322
5.0355
7.4937
3.6669
7.9172
2.6131
6.4849
4.5107
3.5739
2.6221
8.0231
7.3102
7.6577
9.0453
4.5686
4.3401
8.4235
5.2725
5.6999
7.3844
3.5112
5.2972
4.0713
3.648
8.7564
6.3558
4.5694
3.3267
7.1765
8.9294
2.8471
7.2627
8.3161
7.4713
8.9816
8.8071
3.654
7.2632
6.4424
4.9788
5.8814
8.0764
3.9755
8.9113
6.7897
6.3599
5.4749
6.5174
4.5631
8.3313
4.741
4.5888
7.5851
4.2362
3.3745
6.3726
3.393
6.0585
6.1312
4.2836
6.4276
4.073
4.383
6.2922
5.5174
8.1585
2.7474
3.8104
2.6429
6.2696
2.8607
4.7525
5.5718
8.3638
7.1202
4.0529
5.7742
6.9011
3.8843
9.0571
8.673
3.2777
8.79
5.2694
4.0877
2.6768
6.5876
8.6438
6.8278
6.6993
3.9757
6.2005
5.6484
6.4205
6.0315
7.4931
6.6436
6.3506
4.6805
6.3841
2.8182
3.5013
6.1638
8.297
3.627
5.4233
3.8774
7.1948
4.1922
3.0649
3.1226
9.1181
9.0831
8.4226
7.5972
3.294
8.5842
5.4347
8.0384
3.1031
4.4844
4.7849
4.2279
7.6287
5.9562
4.3832
5.6443
7.1776
5.0375
7.0681
5.2814
2.5437
8.8376
8.0656
8.3266
8.2763
5.9924
6.8903
3.3132
7.2648
7.7485
5.778
8.4727
3.5403
7.5838
3.7915
7.1331
8.9706
2.9767
8.5694
3.0839
5.8989
4.8717
4.0502
7.6664
6.2624
4.4466
3.1067
6.0126
4.799
7.5902
3.03
6.1038
7.0811
7.594
5.3498
4.1593
3.7844
4.6366
5.1703
4.7387
4.2105
6.4379
6.8531
5.6765
4.5171
6.6734
8.4697
8.358
8.0695
7.7682
6.0553
2.5685
5.1445
8.3933
2.6202
3.2507
3.7815
6.7965
5.6993
4.0064
6.0289
7.0656
7.4862
7.9824
8.6667
8.2481
6.0186
3.6777
6.1553
8.4919
6.183
4.6161
6.2978
5.8035
4.0133
9.1815
9.1443
8.0666
7.6691
7.909
6.7701
3.4479
8.6066
4.3069
9.1474
5.5736
6.7585
6.9252
2.8624
2.7875
4.3587
2.9974
6.7357
4.8275
6.2791
2.5221
3.0019
7.5305
2.8378
5.9517
3.6736
7.6116
6.4913
8.5018
8.0027
6.9791
6.6639
9.1241
6.3762
5.7821
6.9357
7.9233
3.487
3.2131
9.075
8.0341
7.3421
3.7115
2.9788
3.0701
7.7986
4.5666
6.9431
7.8279
6.6356
6.268
8.0966
5.5506
3.7035
2.5688
8.5896
6.9199
4.9999
6.6467
3.5909
3.4415
3.3845
8.9273
6.5927
4.6452
4.4195
3.1775
7.2201
8.2967
2.5696
7.0284
3.6455
6.315
7.5753
3.5689
5.8449
2.9645
3.3292
6.9173
5.7495
5.8309
4.9065
3.4984
7.1938
2.5871
3.6376
3.6131
8.7038
7.2457
3.5735
4.6519
7.1281
5.5282
2.6664
4.7742
7.7488
5.2731
7.4815
5.3634
7.0869
8.5662
7.7063
5.5931
5.4417
2.531
8.2456
5.3858
7.2697
4.9123
7.7356
6.5538
6.1311
6.6344
3.4216
7.0681
5.7381
7.4209
5.0166
5.8213
7.353
9.1171
8.0749
9.1757
9.0142
6.5841
4.1737
8.924
8.8969
6.934
5.2396
3.1301
3.2005
8.9402
8.7101
8.1948
2.5984
5.7496
6.274
7.2653
4.5881
6.8073
5.3274
6.7355
4.1197
7.6149
5.7165
4.7947
3.3877
6.7362
5.5678
2.7294
5.9309
2.5176
2.6113
6.4769
7.2638
4.0617
7.6543
4.1247
6.9758
3.4681
6.033
3.9075
5.8999
5.8733
6.0415
7.9571
7.7142
6.5467
8.742
6.8866
3.0993
2.9899
7.8158
5.3416
4.0801
7.5478
6.2796
6.929
3.4619
6.6637
6.1426
8.756
2.5014
3.0598
6.856
5.5716
4.8495
5.8172
4.1248
4.5429
3.0437
8.5412
6.3032
3.3745
5.8392
5.7541
5.3653
5.1625
5.5009
7.5493
5.4974
2.5114
4.1772
5.77
6.6814
4.3665
4.705
3.2573
7.6526
5.6535
6.5493
6.196
7.1219
5.9796
3.4697
5.0204
3.8701
2.7084
4.0107
4.1446
3.7004
8.0371
6.5335
7.2393
6.0552
5.0322
5.7982
4.7214
6.7942
8.7078
6.791
6.6736
7.4048
6.4119
8.4449
6.8316
4.2574
3.2661
8.6732
2.7098
4.8804
6.2739
5.6482
6.0025
5.5671
7.3739
6.9956
9.1578
9.0002
5.564
3.0112
8.4107
3.8885
8.9544
8.6964
5.1208
2.7044
6.8817
7.8085
8.9075
6.222
6.8861
3.9951
5.8565
6.7
4.8279
6.408
3.5336
3.0327
6.4355
4.9297
3.927
2.9692
5.6974
7.3558
4.163
3.7581
2.8474
5.4223
4.0411
5.4465
7.4918
3.9384
6.6035
4.7265
3.2327
7.975
2.9785
6.6895
7.7075
2.5867
4.1792
9.0478
7.0081
4.5304
6.3329
4.1992
2.8793
3.7724
5.1171
8.6788
3.8781
2.8931
4.9605
8.1093
9.1305
3.8445
7.3224
9.1052
9.0186
3.0819
2.9905
5.6546
6.9905
3.2749
2.6836
3.7213
8.1242
3.6724
4.7188
5.1659
6.9726
5.3712
6.4732
3.8034
5.0041
5.1318
5.9191
7.9936
3.0791
3.8727
7.5848
8.3732
8.443
8.8331
7.8743
8.3955
3.4758
8.9994
5.3406
3.5729
3.5119
6.2004
3.7582
4.4963
7.3928
8.9386
6.7315
3.9106
3.3837
2.7462
4.8491
3.7399
2.6771
6.9462
5.7879
8.0907
2.9082
4.7654
5.245
4.6026
6.2614
5.5454
7.5466
7.1339
7.3044
5.7359
5.6395
5.8606
5.0514
8.6021
6.8343
8.1829
6.8081
3.5247
3.2749
4.5977
4.7453
7.368
7.531
5.5281
7.4583
7.9852
8.9377
6.7083
2.824
3.2211
7.635
4.59
8.5064
8.0279
3.8296
8.3912
4.1557
7.9285
8.724
3.6389
5.0249
6.8482
5.6827
3.2206
7.1351
4.3879
6.9129
8.0824
6.5934
2.9382
6.3022
8.8965
4.781
8.0099
3.0149
6.2706
8.8602
5.8514
4.8097
5.8802
6.0597
8.7189
4.128
6.8709
6.4097
4.132
