0.59404
0.59207
0.58716
0.5848
0.58362
0.58087
0.57558
0.57244
0.56227
0.55993
0.55797
0.55729
0.55612
0.5529
0.55212
0.55173
0.55124
0.54978
0.54842
0.54715
0.54482
0.54229
0.5385
0.53753
0.52656
0.52511
0.52365
0.52114
0.51949
0.51504
0.51379
0.51282
0.49758
0.49719
0.49209
0.48968
0.48853
0.48545
0.48084
0.47336
0.47231
0.47097
0.46943
0.46781
0.45853
0.45213
0.45098
0.4486
0.44364
0.4424
0.43478
0.42936
0.41749
0.41711
0.41066
0.40677
0.40469
0.40015
0.394
0.39259
0.39126
0.38975
0.38324
0.38182
0.37353
0.37306
0.37221
0.36901
0.3628
0.35377
0.35368
0.3472
0.34429
0.33829
0.3352
0.32228
0.31929
0.30845
0.30089
0.29846
0.29529
0.28998
0.28905
0.28868
0.287
0.28523
0.28393
0.27927
0.27862
0.26467
0.26448
0.26346
0.26142
0.25937
0.25919
0.25482
0.25231
0.25074
0.24777
0.24721
0.24322
0.23738
0.23432
0.23376
0.22783
0.22385
0.22339
0.21681
0.21172
0.21163
0.21098
0.20867
0.20682
0.20636
0.20404
0.20247
0.20192
0.19988
0.19628
0.19359
0.19156
0.18223
0.18186
0.18029
0.17807
0.17761
0.17623
0.17327
0.17299
0.16847
0.16792
0.16792
0.16201
0.15776
0.14393
0.14254
0.13895
0.13793
0.13314
0.12392
0.11747
0.11424
0.11267
0.10917
0.10549
0.10429
0.099865
0.097377
0.091387
0.083462
0.07821
0.067427
0.065584
0.052035
0.046688
0.045766
0.044383
0.040234
0.039035
0.037006
0.036084
0.020218
0.015696
0.013389
0.012005
0.010989
0.010805
0.01062
0.0074814
0.003419
-0.0014755
-0.0096972
-0.01173
-0.012562
-0.013393
-0.014133
-0.018292
-0.020789
-0.021806
-0.025042
-0.029574
-0.038088
-0.045032
-0.0492
-0.04957
-0.054388
-0.059116
-0.059764
-0.060042
-0.060135
-0.060506
-0.063932
-0.064488
-0.06458
-0.068466
-0.077885
-0.084612
-0.088476
-0.093624
-0.093991
-0.096378
-0.097755
-0.097846
-0.099681
-0.10747
-0.11213
-0.11259
-0.11341
-0.11496
-0.11652
-0.11853
-0.11971
-0.12973
-0.12973
-0.13101
-0.13373
-0.13646
-0.14109
-0.14299
-0.14372
-0.14399
-0.14943
-0.1516
-0.15883
-0.15928
-0.16009
-0.16334
-0.16668
-0.16767
-0.17082
-0.17694
-0.18125
-0.18574
-0.18959
-0.19058
-0.19129
-0.19398
-0.19881
-0.20113
-0.20203
-0.20586
-0.20997
-0.2121
-0.21567
-0.21922
-0.22189
-0.22482
-0.22784
-0.23077
-0.23121
-0.23218
-0.23466
-0.23493
-0.2367
-0.23732
-0.23856
-0.23874
-0.24015
-0.25102
-0.25216
-0.25542
-0.25674
-0.25859
-0.26405
-0.26818
-0.26827
-0.27511
-0.27564
-0.27783
-0.28089
-0.28378
-0.28745
-0.29217
-0.2933
-0.29487
-0.30098
-0.30159
-0.30185
-0.3069
-0.31636
-0.31671
-0.32122
-0.32373
-0.32521
-0.32772
-0.32927
-0.33351
-0.3355
-0.3468
-0.35187
-0.3536
-0.35488
-0.35531
-0.35557
-0.3603
-0.36184
-0.38435
-0.38537
-0.38555
-0.38572
-0.3893
-0.39288
-0.39339
-0.3973
-0.3985
-0.40249
-0.40598
-0.40614
-0.40631
-0.40818
-0.41013
-0.41208
-0.41556
-0.41615
-0.41641
-0.41819
-0.43264
-0.43382
-0.43407
-0.43593
-0.43711
-0.43905
-0.44629
-0.44805
-0.44974
-0.45024
-0.46442
-0.46501
-0.46702
-0.46919
-0.47605
-0.47697
-0.4899
-0.49131
-0.49239
-0.49372
-0.49389
-0.49497
-0.50063
-0.50179
-0.50644
-0.51075
-0.51282
-0.51407
-0.51407
-0.52151
-0.52317
-0.52821
-0.53093
-0.5311
-0.53382
-0.54189
-0.54905
-0.55209
-0.55357
-0.56071
-0.568
-0.57365
-0.57528
-0.57782
-0.57831
-0.58492
-0.58745
-0.58769
-0.58932
-0.59242
-0.59982
-0.60421
-0.60608
-0.60624
-0.60835
-0.60843
-0.61136
-0.61265
-0.61322
-0.61695
-0.62003
-0.62124
-0.62132
-0.6231
-0.62343
-0.62529
-0.62594
-0.62683
-0.62739
-0.63087
-0.63628
-0.63814
-0.64007
-0.64193
-0.64459
-0.64869
-0.65151
-0.65441
-0.65907
-0.66477
-0.66509
-0.66509
-0.66541
-0.67039
-0.67463
-0.67656
-0.67936
-0.6852
-0.69159
-0.69295
-0.6963
-0.69781
-0.69925
-0.71056
-0.71064
-0.71072
-0.71358
-0.71835
-0.72049
-0.72415
-0.7247
-0.72724
-0.72883
-0.73358
-0.7354
-0.73604
-0.73667
-0.73936
-0.7396
-0.74601
-0.74806
-0.74838
-0.74854
-0.75083
-0.75627
-0.75872
-0.76605
-0.76636
-0.76668
-0.76896
-0.76983
-0.77148
-0.77148
-0.77541
-0.77722
-0.77738
-0.77832
-0.78217
-0.78351
-0.78822
-0.78861
-0.78916
-0.79002
-0.79324
-0.79543
-0.79935
-0.80522
-0.81109
-0.81336
-0.81484
-0.81609
-0.81695
-0.82132
-0.82643
-0.83648
-0.83884
-0.83983
-0.84028
-0.84458
-0.84774
-0.85207
-0.85237
-0.85289
-0.85415
-0.85851
-0.85895
-0.85903
-0.8635
-0.86357
-0.87097
-0.87148
-0.87406
-0.87507
-0.87963
-0.88062
-0.88097
-0.88175
-0.88288
-0.8833
-0.88345
-0.88731
-0.88828
-0.88905
-0.89301
-0.89335
-0.89473
-0.90034
-0.90075
-0.90123
-0.90609
-0.90723
-0.90763
-0.9077
-0.91077
-0.91329
-0.91342
-0.92042
-0.92133
-0.92146
-0.92327
-0.92513
-0.92552
-0.92584
-0.9275
-0.92813
-0.92813
-0.92864
-0.92877
-0.93086
-0.93099
-0.93294
-0.93407
-0.93413
-0.93494
-0.93971
-0.94027
-0.94308
-0.94858
-0.94983
-0.95638
-0.9565
-0.95806
-0.95951
-0.95968
-0.96078
-0.96403
-0.96465
-0.96544
-0.96663
-0.96842
-0.97191
-0.97235
-0.97842
-0.97863
-0.97874
-0.97959
-0.98265
-0.98349
-0.98547
-0.99048
-0.99088
-0.99507
-0.99576
-0.99766
-0.99854
-1.0001
-1.0032
-1.0044
-1.0064
-1.0099
-1.0112
-1.0115
-1.0129
-1.0146
-1.0158
-1.0178
-1.0184
-1.0194
-1.0201
-1.0202
-1.0238
-1.024
-1.0257
-1.0269
-1.0269
-1.0277
-1.0295
-1.0301
-1.0356
-1.0356
-1.0363
-1.0367
-1.038
-1.0391
-1.0409
-1.0443
-1.0455
-1.046
-1.0461
-1.0472
-1.0475
-1.0485
-1.0497
-1.0502
-1.0541
-1.0542
-1.0543
-1.0551
-1.0563
-1.0567
-1.0574
-1.0576
-1.0579
-1.0587
-1.0613
-1.0618
-1.062
-1.0625
-1.0646
-1.0652
-1.0655
-1.0657
-1.0662
-1.0665
-1.0667
-1.0675
-1.0684
-1.0686
-1.0691
-1.0691
-1.0691
-1.0692
-1.0692
-1.07
-1.0701
-1.0705
-1.0706
-1.0706
-1.0709
-1.071
-1.0718
-1.0721
-1.0726
-1.073
-1.073
-1.0731
-1.0731
-1.0733
-1.0736
-1.0737
-1.0738
-1.0739
-1.0739
-1.0739
-1.0739
-1.0739
-1.0739
-1.0739
-1.0739
-1.0738
-1.0737
-1.0737
-1.0733
-1.0732
-1.073
-1.0729
-1.0729
-1.0721
-1.0715
-1.0714
-1.0712
-1.0708
-1.0705
-1.0703
-1.0702
-1.0689
-1.0685
-1.0685
-1.0647
-1.0632
-1.0628
-1.0623
-1.0618
-1.0604
-1.06
-1.0596
-1.0583
-1.058
-1.057
-1.0566
-1.056
-1.0554
-1.0547
-1.0517
-1.0515
-1.0502
-1.0499
-1.0486
-1.0485
-1.0454
-1.045
-1.045
-1.0441
-1.0436
-1.0431
-1.0424
-1.0408
-1.0405
-1.0396
-1.0373
-1.0364
-1.0339
-1.0337
-1.032
-1.0311
-1.0307
-1.029
-1.0288
-1.0269
-1.0268
-1.0266
-1.0266
-1.0248
-1.0247
-1.0233
-1.0213
-1.0207
-1.0196
-1.0175
-1.0143
-1.0134
-1.0127
-1.011
-1.0101
-1.0089
-1.0049
-1.0009
-1.0008
-0.99868
-0.99726
-0.98622
-0.98565
-0.98526
-0.98097
-0.97851
-0.97656
-0.97431
-0.96946
-0.96826
-0.96512
-0.96498
-0.96368
-0.95796
-0.95796
-0.95507
-0.95263
-0.95204
-0.94781
-0.94098
-0.94016
-0.9386
-0.93682
-0.93563
-0.93147
-0.92946
-0.92693
-0.92328
-0.92291
-0.92283
-0.92082
-0.91978
-0.91792
-0.91493
-0.91456
-0.91098
-0.90486
-0.90344
-0.90067
-0.88907
-0.889
-0.87971
-0.87506
-0.8695
-0.86627
-0.86101
-0.85762
-0.85627
-0.85476
-0.85198
-0.85092
-0.85032
-0.84558
-0.84497
-0.83932
-0.83796
-0.83653
-0.83638
-0.83577
-0.83419
-0.83094
-0.83087
-0.82951
-0.82354
-0.82074
-0.82029
-0.81734
-0.81719
-0.81204
-0.80939
-0.80871
-0.80681
-0.80363
-0.79893
-0.79817
-0.79476
-0.79317
-0.7871
-0.78436
-0.78277
-0.78125
-0.78056
-0.77836
-0.76832
-0.76809
-0.76802
-0.76627
-0.76604
-0.76535
-0.76139
-0.75713
-0.75591
-0.75461
-0.75385
-0.7495
-0.74645
-0.745
-0.74477
-0.73806
-0.73638
-0.73569
-0.73164
-0.7292
-0.7256
-0.72109
-0.71941
-0.71918
-0.71689
-0.70961
-0.70778
-0.70525
-0.70303
-0.69919
-0.69904
-0.69881
-0.69843
-0.6959
-0.68961
-0.68708
-0.68009
-0.67879
-0.67825
-0.67756
-0.67756
-0.67633
-0.67418
-0.67049
-0.66719
-0.66196
-0.66019
-0.65942
-0.65857
-0.65642
-0.65511
-0.64372
-0.64295
-0.63794
-0.63733
-0.63663
-0.63409
-0.63278
-0.62931
-0.62761
-0.62121
-0.61944
-0.61164
-0.60516
-0.60276
-0.60161
-0.59921
-0.59906
-0.5972
-0.59666
-0.5962
-0.59604
-0.5945
-0.59187
-0.58963
-0.5887
-0.57965
-0.57478
-0.57292
-0.57261
-0.57246
-0.5658
-0.56193
-0.55767
-0.55713
-0.55574
-0.5545
-0.55395
-0.55155
-0.55008
-0.54613
-0.54365
-0.54225
-0.53667
-0.53566
-0.53411
-0.53404
-0.53132
-0.53117
-0.52892
-0.52845
-0.52837
-0.52713
-0.52558
-0.5231
-0.52015
-0.5096
-0.50913
-0.50579
-0.50377
-0.50238
-0.49694
-0.49453
-0.49181
-0.48816
-0.48777
-0.48498
-0.48272
-0.48125
-0.47697
-0.47534
-0.4734
-0.46835
-0.46236
-0.46205
-0.45567
-0.44922
-0.44898
-0.44805
-0.44626
-0.44439
-0.43903
-0.43654
-0.43615
-0.4335
-0.43233
-0.43218
-0.4307
-0.42953
-0.42284
-0.42245
-0.42175
-0.41949
-0.41942
-0.41459
-0.41171
-0.41148
-0.40976
-0.40922
-0.39824
-0.39824
-0.39622
-0.39466
-0.39085
-0.39054
-0.38983
-0.38952
-0.38945
-0.38431
-0.38392
-0.38252
-0.38041
-0.37909
-0.3773
-0.37535
-0.37161
-0.36889
-0.36788
-0.3678
-0.36289
-0.36188
-0.36172
-0.35954
-0.35892
-0.35557
-0.35378
-0.35269
-0.35067
-0.35004
-0.34794
-0.34467
-0.34389
-0.34156
-0.33899
-0.3386
-0.33821
-0.33719
-0.33509
-0.33439
-0.3326
-0.32871
-0.32263
-0.32108
-0.32014
-0.31804
-0.31329
-0.31282
-0.30893
-0.30644
-0.30605
-0.30309
-0.30247
-0.27811
-0.27647
-0.27453
-0.27398
-0.27383
-0.27359
-0.26838
-0.26348
-0.26262
-0.26013
-0.25951
-0.25407
-0.25228
-0.2515
-0.24901
-0.24707
-0.24341
-0.24295
-0.23455
-0.23074
-0.2302
-0.22608
-0.22561
-0.22499
-0.22134
-0.22025
-0.21909
-0.21815
-0.21808
-0.21287
-0.21202
-0.19998
-0.19625
-0.19245
-0.19214
-0.1895
-0.1871
-0.1857
-0.18104
-0.1805
-0.18035
-0.17887
-0.17717
-0.1767
-0.17561
-0.16336
-0.16104
-0.15631
-0.14795
-0.14725
-0.1433
-0.13827
-0.13695
-0.13502
-0.13215
-0.132
-0.13138
-0.13084
-0.13061
-0.1245
-0.12349
-0.12272
-0.12264
-0.12148
-0.12117
-0.11993
-0.11769
-0.11638
-0.11584
-0.11383
-0.11282
-0.11243
-0.1112
-0.1112
-0.11066
-0.10772
-0.10741
-0.10563
-0.10409
-0.092971
-0.091504
-0.088572
-0.085177
-0.084946
-0.084792
-0.083635
-0.076463
-0.074844
-0.074227
-0.064442
-0.064365
-0.064057
-0.063517
-0.062978
-0.061977
-0.061515
-0.05728
-0.055818
-0.055664
-0.05197
-0.050046
-0.047431
-0.046585
-0.039741
-0.037589
-0.034515
-0.028984
-0.02668
-0.025068
-0.020155
-0.015092
-0.0095704
-0.0091104
-0.0076539
-0.0042051
-0.0024428
0.00468
0.011415
0.012486
0.012716
0.015699
0.019522
0.021663
0.022274
0.025102
0.02663
0.027088
0.02831
0.028616
0.030143
0.036938
0.045481
0.051273
0.053102
0.057291
0.060031
0.061325
0.062467
0.063836
0.06551
0.069465
0.070605
0.071062
0.072658
0.07395
0.077825
0.081242
0.082457
0.082837
0.086101
0.087163
0.089363
0.090122
0.090425
0.097173
0.09793
0.0999
0.10558
0.10906
0.11428
0.11534
0.11957
0.12547
0.12585
0.1266
0.12895
0.13333
0.13552
0.13666
0.13946
0.13991
0.14006
0.14097
0.14301
0.14346
0.14959
0.15042
0.15072
0.15201
0.15397
0.15609
0.1576
0.15828
0.16471
0.16773
0.17
0.17272
0.17431
0.17839
0.18308
0.18792
0.19079
0.1951
0.196
0.19661
0.20613
0.20772
0.20855
0.20908
0.20976
0.21165
0.21218
0.21346
0.21452
0.21959
0.22004
0.2214
0.22261
0.22329
0.22616
0.22866
0.23251
0.23372
0.23591
0.23742
0.24037
0.24082
0.24105
0.24475
0.24687
0.24702
0.2483
0.25805
0.2644
0.26447
0.26545
0.26719
0.26863
0.27127
0.27422
0.27459
0.27988
0.28003
0.28207
0.28396
0.28487
0.28909
0.28977
0.28993
0.29151
0.29423
0.29536
0.29581
0.29936
0.30125
0.30472
0.30563
0.30722
0.31167
0.31499
0.3199
0.3251
0.32744
0.33054
0.3331
0.33386
0.33469
0.33891
0.34909
0.34917
0.3497
0.35098
0.35897
0.35995
0.36003
0.36207
0.37873
0.38084
0.39048
0.39116
0.39289
0.3938
0.39764
0.40223
0.40728
0.40728
0.40735
0.41157
0.41752
0.41782
0.4209
0.42128
0.42407
0.42459
0.42625
0.42926
0.43061
0.43099
0.43144
0.43498
0.43505
0.43595
0.44415
0.44882
0.44919
0.4504
0.45408
0.45438
0.45461
0.45566
0.45618
0.45724
0.45814
0.45844
0.46272
0.46333
0.4646
0.46603
0.47167
0.47279
0.47422
0.4749
0.47708
0.47933
0.48241
0.48384
0.48406
0.48812
0.49555
0.50095
0.50425
0.505
0.50523
0.51333
0.5143
0.5149
0.51955
0.52937
0.53042
0.53567
0.54211
0.54376
0.54631
0.54713
0.55102
0.55297
0.55432
0.55769
0.57048
0.57302
0.57542
0.57564
0.57669
0.57669
0.579
0.58087
0.58551
0.5864
0.59074
0.5941
0.59769
0.59985
0.6003
0.60052
0.60232
0.60232
0.61299
0.61359
0.61366
0.61508
0.61538
0.61553
0.61568
0.61754
0.62336
0.62388
0.62463
0.62888
0.6326
0.63313
0.63894
0.6443
0.65138
0.65234
0.65718
0.65763
0.65845
0.66775
0.66901
0.67332
0.67489
0.68336
0.68878
0.69517
0.69695
0.69873
0.70021
0.70912
0.70919
0.71342
0.71705
0.71764
0.71801
0.71801
0.71883
0.7209
0.72209
0.72305
0.72468
0.7255
0.72765
0.73283
0.7329
0.73512
0.73942
0.73942
0.74474
0.74696
0.75051
0.75665
0.76093
0.76204
0.76529
0.76684
0.76692
0.7729
0.774
0.77452
0.77548
0.78057
0.78094
0.78573
0.78795
0.78876
0.79156
0.7923
0.79495
0.80114
0.80268
0.80305
0.80489
0.80732
0.80835
0.81343
0.81424
0.81512
0.81585
0.82776
0.82887
0.83327
0.8354
0.83907
0.84054
0.84399
0.85961
0.86268
0.86466
0.8651
0.86957
0.87067
0.87096
0.87308
0.87637
0.87893
0.88193
0.88361
0.88427
0.88522
0.888
0.8899
0.89121
0.89625
0.89859
0.91208
0.91347
0.9166
0.91667
0.9182
0.92097
0.92148
0.92403
0.92687
0.93014
0.93385
0.93705
0.93909
0.94301
0.94942
0.95399
0.95619
0.95879
0.96274
0.9671
0.97291
0.97451
0.97511
0.97914
0.9792
0.98145
0.9815
0.98321
0.98375
0.98507
0.98604
0.98666
0.98695
0.98877
0.99042
0.99105
0.99378
0.99447
0.99506
0.99694
0.99714
0.99735
0.99743
0.99751
0.99927
1.0002
1.0048
1.0089
1.0103
1.0103
1.0108
1.0133
1.0135
1.0141
1.0142
1.0174
1.0178
1.0182
1.0199
1.0199
1.022
1.0221
1.0223
1.0224
1.0229
1.0235
1.0235
1.0235
1.0248
1.0251
1.0251
1.0267
1.027
1.0273
1.0276
1.0285
1.0286
1.029
1.0292
1.0293
1.0294
1.0296
1.0298
1.0299
1.0301
1.0302
1.0309
1.031
1.0311
1.0311
1.0314
1.0314
1.0314
1.0314
1.0312
1.0312
1.0312
1.0311
1.031
1.0309
1.0307
1.03
1.0299
1.0297
1.0297
1.0291
1.029
1.0288
1.0285
1.0272
1.0271
1.0269
1.0266
1.0264
1.0257
1.0256
1.025
1.0249
1.0248
1.0242
1.024
1.024
1.023
1.0227
1.022
1.021
1.0202
1.02
1.0187
1.0185
1.0184
1.0171
1.017
1.017
1.0165
1.0162
1.0158
1.0144
1.0141
1.0129
1.0128
1.0125
1.012
1.0119
1.0106
1.0083
1.0072
1.0072
1.0065
1.0049
1.0048
1.0046
1.004
1.003
1.0023
1.0014
1.0008
1.0004
1.0004
1.0001
0.9999
0.99907
0.99806
0.99788
0.99508
0.99429
0.99133
0.98995
0.98862
0.98854
0.98607
0.98604
0.98544
0.98471
0.98431
0.98346
0.9834
0.98073
0.97997
0.97908
0.97679
0.97622
0.9758
0.9746
0.97388
0.97343
0.96953
0.96723
0.96514
0.96445
0.96334
0.96318
0.96022
0.96019
0.95996
0.95954
0.95584
0.95514
0.9544
0.95413
0.95345
0.95301
0.9522
0.9511
0.95017
0.94805
0.94784
0.94707
0.9453
0.94476
0.94383
0.94344
0.94091
0.93938
0.93905
0.93871
0.93593
0.93319
0.93285
0.9311
0.93045
0.93018
0.92736
0.92588
0.92415
0.92371
0.92292
0.92113
0.92037
0.91839
0.91807
0.91787
0.9164
0.91587
0.91579
0.91542
0.9139
0.91324
0.91254
0.91229
0.91066
0.90692
0.9059
0.90586
0.90411
0.90161
0.90057
0.90026
0.89518
0.89465
0.89304
0.88982
0.88945
0.88882
0.88837
0.88733
0.88628
0.88491
0.88302
0.87973
0.8795
0.87851
0.87847
0.87795
0.87664
0.87607
0.87551
0.87437
0.87409
0.87399
0.87323
0.8729
0.87271
0.86964
0.86907
0.86854
0.86519
0.86024
0.859
0.85511
0.8534
0.85325
0.85315
0.84792
0.84299
0.84205
0.8394
0.83599
0.83197
0.83074
0.82946
0.82817
0.8271
0.82634
0.82483
0.81801
0.81746
0.81631
0.81553
0.81404
0.81398
0.81382
0.81087
0.81042
0.80919
0.807
0.80553
0.80361
0.7991
0.79554
0.78869
0.78869
0.78593
0.78469
0.78316
0.78239
0.77864
0.77095
0.76786
0.76584
0.76352
0.76174
0.75436
0.75268
0.7503
0.74954
0.74784
0.74765
0.7469
0.74042
0.73818
0.73612
0.73561
0.73148
0.73109
0.72862
0.72699
0.72293
0.72175
0.72109
0.71904
0.71467
0.7122
0.70771
0.7065
0.70616
0.70068
0.69878
0.69796
0.69461
0.69234
0.69227
0.69159
0.69145
0.6871
0.68516
0.68404
0.68014
0.67677
0.66751
0.66544
0.66352
0.66022
0.66007
0.65871
0.65626
0.65582
0.65329
0.64623
0.64345
0.6419
0.64065
0.64021
0.64006
0.63881
0.63748
0.63139
0.62241
0.62233
0.62015
0.61796
0.61606
0.6147
0.61454
0.6118
0.61097
0.60844
0.60576
0.60476
0.60315
0.5979
0.5972
0.59495
0.59215
0.59106
0.59098
0.58566
0.5844
0.58409
0.58283
0.5826
0.57984
0.57849
0.57715
0.5731
0.57055
0.56951
0.56559
0.56222
0.56214
0.56093
0.55867
0.55771
0.55528
0.55138
0.55041
0.54641
0.54116
0.53663
0.53283
0.52951
0.52718
0.52693
0.52058
0.51899
0.51259
0.50028
0.50002
0.49976
0.49951
0.49857
0.49677
0.49463
0.49102
0.4899
0.48955
0.48765
0.48107
0.48046
0.47794
0.47628
0.47138
0.47051
0.45967
0.45675
0.45533
0.45159
0.44972
0.44892
0.44624
0.44265
0.4422
0.43942
0.43915
0.43726
0.4369
0.42111
0.42019
0.42001
0.41617
0.41589
0.41249
0.4078
0.40114
0.40067
0.40049
0.399
0.39714
0.39631
0.39155
0.3909
0.38912
0.38818
0.38753
0.37935
0.37813
0.37803
0.37652
0.36818
0.36361
0.36237
0.35491
0.3527
0.34818
0.34335
0.3419
0.34122
0.33899
0.33821
0.33763
0.33714
0.33364
0.3315
0.33033
0.32554
0.32446
0.32299
0.32024
0.31896
0.31561
0.31394
0.31226
0.30949
0.29796
0.29716
0.29586
0.29256
0.28222
0.28212
0.28141
0.2799
0.2794
0.2794
0.27889
0.27657
0.27464
0.27039
0.26825
0.25989
0.25908
0.25856
0.25354
0.24305
0.23352
0.23237
0.22832
0.22717
