0.59843
0.59838
0.59818
0.59804
0.59796
0.59776
0.59726
0.59691
0.59546
0.59506
0.59471
0.59459
0.59436
0.59372
0.59356
0.59348
0.59337
0.59305
0.59275
0.59246
0.59191
0.59128
0.59029
0.59002
0.58676
0.58629
0.58581
0.58496
0.58438
0.58278
0.58231
0.58195
0.57569
0.57552
0.5732
0.57207
0.57152
0.57003
0.56773
0.56381
0.56323
0.5625
0.56166
0.56075
0.55538
0.55149
0.55078
0.54927
0.54609
0.54527
0.54016
0.5364
0.52778
0.5275
0.52261
0.51959
0.51795
0.51432
0.5093
0.50813
0.50702
0.50576
0.50021
0.49899
0.49169
0.49127
0.49051
0.48762
0.48192
0.47344
0.47335
0.46711
0.46427
0.45833
0.45522
0.44198
0.43884
0.42729
0.41906
0.41639
0.41287
0.40693
0.40588
0.40546
0.40356
0.40155
0.40007
0.39474
0.39399
0.37769
0.37748
0.37626
0.37384
0.3714
0.37118
0.36594
0.36292
0.36101
0.3574
0.35672
0.35184
0.34464
0.34084
0.34015
0.33274
0.32772
0.32714
0.31879
0.31228
0.31217
0.31133
0.30836
0.30597
0.30538
0.30239
0.30035
0.29963
0.29698
0.29228
0.28877
0.2861
0.27379
0.2733
0.27121
0.26826
0.26765
0.2658
0.26185
0.26148
0.25542
0.25468
0.25468
0.24672
0.24097
0.22213
0.22023
0.2153
0.21391
0.20731
0.19458
0.18563
0.18115
0.17897
0.17409
0.16895
0.16727
0.1611
0.15762
0.14923
0.13811
0.13074
0.11558
0.11299
0.093931
0.086414
0.085118
0.083175
0.077346
0.075662
0.072814
0.07152
0.049293
0.042977
0.039757
0.037827
0.036412
0.036155
0.035897
0.031527
0.025879
0.019087
0.0077155
0.0049113
0.003765
0.0026191
0.001601
-0.0041185
-0.007544
-0.0089381
-0.013369
-0.019556
-0.031125
-0.040506
-0.04611
-0.046607
-0.053059
-0.059361
-0.060224
-0.060594
-0.060717
-0.06121
-0.06576
-0.066497
-0.06662
-0.071766
-0.084192
-0.093022
-0.098078
-0.10479
-0.10527
-0.10838
-0.11017
-0.11029
-0.11267
-0.12275
-0.12876
-0.12935
-0.13041
-0.13241
-0.1344
-0.13698
-0.1385
-0.1513
-0.1513
-0.15292
-0.15638
-0.15984
-0.1657
-0.1681
-0.16902
-0.16936
-0.1762
-0.17893
-0.18798
-0.18855
-0.18956
-0.19361
-0.19776
-0.19899
-0.2029
-0.21046
-0.21577
-0.22128
-0.226
-0.2272
-0.22808
-0.23136
-0.23723
-0.24006
-0.24114
-0.24579
-0.25074
-0.25331
-0.25759
-0.26186
-0.26505
-0.26855
-0.27215
-0.27563
-0.27615
-0.27731
-0.28025
-0.28057
-0.28266
-0.2834
-0.28486
-0.28507
-0.28674
-0.2995
-0.30084
-0.30465
-0.30619
-0.30835
-0.31468
-0.31946
-0.31956
-0.32745
-0.32805
-0.33057
-0.33408
-0.33738
-0.34157
-0.34693
-0.34822
-0.34999
-0.35689
-0.35757
-0.35787
-0.36354
-0.37412
-0.37451
-0.37952
-0.3823
-0.38393
-0.3867
-0.38842
-0.39308
-0.39526
-0.40759
-0.41309
-0.41495
-0.41634
-0.41681
-0.41709
-0.42217
-0.42383
-0.44775
-0.44883
-0.44901
-0.44919
-0.45295
-0.45669
-0.45723
-0.46131
-0.46255
-0.4667
-0.4703
-0.47048
-0.47065
-0.47258
-0.47459
-0.4766
-0.48016
-0.48077
-0.48103
-0.48285
-0.49753
-0.49872
-0.49898
-0.50084
-0.50203
-0.50398
-0.51122
-0.51298
-0.51465
-0.51515
-0.52914
-0.52971
-0.53168
-0.5338
-0.54047
-0.54136
-0.55381
-0.55516
-0.5562
-0.55747
-0.55762
-0.55866
-0.56402
-0.56512
-0.56951
-0.57356
-0.5755
-0.57667
-0.57667
-0.5836
-0.58514
-0.58979
-0.5923
-0.59245
-0.59495
-0.60232
-0.6088
-0.61154
-0.61287
-0.61926
-0.62573
-0.63072
-0.63215
-0.63437
-0.6348
-0.64057
-0.64276
-0.64298
-0.64439
-0.64706
-0.65342
-0.65717
-0.65876
-0.6589
-0.66069
-0.66076
-0.66323
-0.66432
-0.6648
-0.66794
-0.67052
-0.67153
-0.6716
-0.67309
-0.67336
-0.67491
-0.67545
-0.67619
-0.67666
-0.67953
-0.68399
-0.68552
-0.6871
-0.68862
-0.69079
-0.69412
-0.6964
-0.69874
-0.70248
-0.70703
-0.70729
-0.70729
-0.70754
-0.71148
-0.71483
-0.71634
-0.71853
-0.72308
-0.72803
-0.72907
-0.73164
-0.7328
-0.7339
-0.74248
-0.74254
-0.7426
-0.74475
-0.74832
-0.74991
-0.75262
-0.75303
-0.75491
-0.75608
-0.75957
-0.7609
-0.76136
-0.76183
-0.76379
-0.76396
-0.76859
-0.77007
-0.7703
-0.77041
-0.77205
-0.77594
-0.77768
-0.78285
-0.78307
-0.78329
-0.78489
-0.7855
-0.78665
-0.78665
-0.78938
-0.79064
-0.79075
-0.7914
-0.79405
-0.79497
-0.79819
-0.79846
-0.79883
-0.79942
-0.8016
-0.80309
-0.80573
-0.80965
-0.81355
-0.81504
-0.81602
-0.81684
-0.81741
-0.82027
-0.82361
-0.83017
-0.8317
-0.83235
-0.83264
-0.83545
-0.8375
-0.84031
-0.8405
-0.84084
-0.84166
-0.84449
-0.84478
-0.84483
-0.84773
-0.84777
-0.85257
-0.85289
-0.85457
-0.85522
-0.85817
-0.85881
-0.85904
-0.85954
-0.86027
-0.86054
-0.86063
-0.86313
-0.86376
-0.86425
-0.86681
-0.86703
-0.86792
-0.87154
-0.8718
-0.87211
-0.87524
-0.87598
-0.87624
-0.87628
-0.87826
-0.87988
-0.87996
-0.88447
-0.88506
-0.88514
-0.88631
-0.88751
-0.88775
-0.88796
-0.88903
-0.88944
-0.88944
-0.88977
-0.88985
-0.89119
-0.89127
-0.89253
-0.89326
-0.8933
-0.89382
-0.89689
-0.89725
-0.89906
-0.9026
-0.90341
-0.90763
-0.90771
-0.90872
-0.90966
-0.90977
-0.91047
-0.91257
-0.91298
-0.91349
-0.91425
-0.91541
-0.91767
-0.91795
-0.92189
-0.92202
-0.92209
-0.92265
-0.92464
-0.92518
-0.92647
-0.92973
-0.93
-0.93273
-0.93318
-0.93443
-0.935
-0.93604
-0.93804
-0.93884
-0.94015
-0.9425
-0.94336
-0.94356
-0.9445
-0.94561
-0.94639
-0.94775
-0.94812
-0.9488
-0.9493
-0.94936
-0.95178
-0.95186
-0.95304
-0.95382
-0.95387
-0.9544
-0.9556
-0.95599
-0.95975
-0.9598
-0.96027
-0.96051
-0.96146
-0.9622
-0.96347
-0.96588
-0.96673
-0.96706
-0.96715
-0.96793
-0.96815
-0.96883
-0.9697
-0.97008
-0.97301
-0.97303
-0.97312
-0.97372
-0.97462
-0.97494
-0.97546
-0.97559
-0.97584
-0.97648
-0.97849
-0.97893
-0.97909
-0.97946
-0.98121
-0.98176
-0.98196
-0.98217
-0.98255
-0.98286
-0.98305
-0.98378
-0.98463
-0.98476
-0.98525
-0.98525
-0.98525
-0.98536
-0.98539
-0.98618
-0.9862
-0.9867
-0.98681
-0.98681
-0.98711
-0.98716
-0.98815
-0.98844
-0.98922
-0.98975
-0.98975
-0.98992
-0.98995
-0.99018
-0.99078
-0.99124
-0.99152
-0.99188
-0.99193
-0.99196
-0.99196
-0.99234
-0.99239
-0.99242
-0.99253
-0.99265
-0.99286
-0.993
-0.99336
-0.99346
-0.99361
-0.99366
-0.99368
-0.99395
-0.99407
-0.9941
-0.99412
-0.99416
-0.99418
-0.99419
-0.99419
-0.99419
-0.99417
-0.99417
-0.99374
-0.99349
-0.99343
-0.99334
-0.99322
-0.99295
-0.99285
-0.99276
-0.99249
-0.9924
-0.99217
-0.99208
-0.99194
-0.99178
-0.9916
-0.99083
-0.99077
-0.9904
-0.99034
-0.98997
-0.98993
-0.98906
-0.98893
-0.98893
-0.98867
-0.98851
-0.98837
-0.98816
-0.98768
-0.98756
-0.98732
-0.98659
-0.98629
-0.98552
-0.98544
-0.98492
-0.98461
-0.9845
-0.98393
-0.98386
-0.98325
-0.98322
-0.98313
-0.98313
-0.98253
-0.98251
-0.98202
-0.98136
-0.98118
-0.9808
-0.98008
-0.97899
-0.97867
-0.97842
-0.97783
-0.97753
-0.97709
-0.9757
-0.97428
-0.97424
-0.97349
-0.97299
-0.969
-0.9688
-0.96865
-0.96709
-0.96619
-0.96547
-0.96464
-0.96285
-0.9624
-0.96124
-0.96118
-0.9607
-0.95856
-0.95856
-0.95747
-0.95653
-0.9563
-0.95464
-0.95189
-0.95156
-0.95091
-0.95017
-0.94967
-0.94791
-0.94705
-0.94595
-0.94434
-0.94418
-0.94414
-0.94324
-0.94278
-0.94193
-0.94057
-0.9404
-0.93874
-0.93585
-0.93517
-0.93383
-0.92808
-0.92804
-0.92325
-0.9208
-0.91782
-0.91606
-0.91316
-0.91127
-0.91051
-0.90966
-0.90807
-0.90747
-0.90712
-0.90438
-0.90403
-0.90071
-0.8999
-0.89905
-0.89896
-0.8986
-0.89765
-0.89569
-0.89564
-0.89481
-0.89115
-0.88942
-0.88914
-0.88729
-0.88719
-0.88394
-0.88225
-0.88181
-0.88059
-0.87853
-0.87546
-0.87496
-0.87271
-0.87165
-0.86757
-0.86572
-0.86464
-0.8636
-0.86313
-0.86162
-0.85463
-0.85447
-0.85442
-0.85318
-0.85302
-0.85254
-0.84972
-0.84667
-0.84579
-0.84485
-0.8443
-0.84114
-0.8389
-0.83783
-0.83767
-0.83268
-0.83142
-0.83091
-0.82786
-0.82601
-0.82327
-0.81981
-0.81851
-0.81833
-0.81656
-0.81088
-0.80943
-0.80743
-0.80567
-0.80262
-0.80249
-0.80231
-0.802
-0.79997
-0.79489
-0.79283
-0.7871
-0.78603
-0.78558
-0.78501
-0.78501
-0.78399
-0.78221
-0.77913
-0.77636
-0.77195
-0.77045
-0.76979
-0.76907
-0.76724
-0.76612
-0.75629
-0.75562
-0.75125
-0.75071
-0.7501
-0.74787
-0.74671
-0.74365
-0.74214
-0.73643
-0.73484
-0.72781
-0.72191
-0.71972
-0.71865
-0.71645
-0.71631
-0.7146
-0.7141
-0.71367
-0.71353
-0.7121
-0.70967
-0.70758
-0.70672
-0.69824
-0.69364
-0.69188
-0.69159
-0.69144
-0.6851
-0.68139
-0.67729
-0.67677
-0.67542
-0.67422
-0.6737
-0.67137
-0.66994
-0.66609
-0.66366
-0.6623
-0.65681
-0.65582
-0.65429
-0.65421
-0.65152
-0.65137
-0.64914
-0.64868
-0.6486
-0.64737
-0.64582
-0.64334
-0.6404
-0.62977
-0.6293
-0.62592
-0.62387
-0.62244
-0.6169
-0.61443
-0.61164
-0.60788
-0.60748
-0.60459
-0.60226
-0.60073
-0.59629
-0.59459
-0.59256
-0.58727
-0.58098
-0.58065
-0.57391
-0.56706
-0.56681
-0.56582
-0.56391
-0.56192
-0.55617
-0.5535
-0.55308
-0.55023
-0.54897
-0.5488
-0.54721
-0.54595
-0.5387
-0.53828
-0.53752
-0.53506
-0.53498
-0.52972
-0.52657
-0.52631
-0.52444
-0.52384
-0.51176
-0.51176
-0.50953
-0.5078
-0.50357
-0.50323
-0.50245
-0.50211
-0.50202
-0.4963
-0.49587
-0.4943
-0.49196
-0.49048
-0.48847
-0.48629
-0.4821
-0.47904
-0.4779
-0.47781
-0.47228
-0.47113
-0.47096
-0.46849
-0.46779
-0.46399
-0.46196
-0.46072
-0.45842
-0.45771
-0.45532
-0.45159
-0.4507
-0.44803
-0.44509
-0.44464
-0.4442
-0.44304
-0.44063
-0.43982
-0.43777
-0.43329
-0.42628
-0.42448
-0.4234
-0.42097
-0.41546
-0.41492
-0.4104
-0.4075
-0.40705
-0.4036
-0.40287
-0.37427
-0.37234
-0.37004
-0.3694
-0.36921
-0.36894
-0.36276
-0.35695
-0.35593
-0.35297
-0.35223
-0.34574
-0.34361
-0.34268
-0.3397
-0.33738
-0.333
-0.33245
-0.32237
-0.31778
-0.31713
-0.31217
-0.3116
-0.31085
-0.30644
-0.30513
-0.30372
-0.30259
-0.3025
-0.2962
-0.29516
-0.28054
-0.276
-0.27136
-0.27098
-0.26776
-0.26482
-0.26311
-0.25741
-0.25675
-0.25656
-0.25475
-0.25266
-0.25209
-0.25076
-0.2357
-0.23284
-0.22701
-0.21668
-0.21582
-0.21093
-0.2047
-0.20307
-0.20067
-0.19711
-0.19692
-0.19615
-0.19548
-0.19519
-0.1876
-0.18635
-0.18539
-0.18529
-0.18385
-0.18346
-0.18192
-0.17913
-0.17749
-0.17682
-0.17432
-0.17306
-0.17258
-0.17104
-0.17104
-0.17036
-0.1667
-0.16631
-0.1641
-0.16217
-0.14826
-0.14643
-0.14276
-0.1385
-0.13821
-0.13802
-0.13657
-0.12757
-0.12554
-0.12476
-0.11247
-0.11237
-0.11198
-0.1113
-0.11063
-0.10937
-0.10878
-0.10345
-0.10161
-0.10142
-0.096766
-0.094342
-0.091046
-0.089979
-0.081347
-0.078631
-0.074751
-0.067766
-0.064855
-0.062818
-0.056608
-0.050205
-0.043219
-0.042637
-0.040794
-0.036429
-0.034198
-0.025178
-0.016646
-0.015288
-0.014998
-0.011217
-0.0063719
-0.0036589
-0.0028839
0.00070026
0.0026373
0.0032184
0.0047678
0.0051552
0.0070917
0.015706
0.026539
0.033884
0.036202
0.041514
0.044988
0.046629
0.048076
0.049813
0.051934
0.056947
0.058393
0.058971
0.060994
0.062632
0.067542
0.071872
0.073411
0.073892
0.078026
0.079372
0.082158
0.083118
0.083503
0.092045
0.093004
0.095497
0.10268
0.10709
0.11368
0.11502
0.12037
0.12781
0.12828
0.12924
0.13219
0.13771
0.14047
0.1419
0.14541
0.14598
0.14617
0.14731
0.14987
0.15044
0.15812
0.15916
0.15954
0.16115
0.16361
0.16626
0.16815
0.169
0.17703
0.1808
0.18363
0.18702
0.18899
0.19407
0.19989
0.20589
0.20945
0.21478
0.2159
0.21665
0.2284
0.23035
0.23138
0.23203
0.23287
0.23519
0.23584
0.23742
0.23872
0.24494
0.24549
0.24716
0.24864
0.24948
0.25299
0.25604
0.26075
0.26223
0.2649
0.26674
0.27033
0.27089
0.27116
0.27567
0.27824
0.27842
0.27998
0.29179
0.29945
0.29954
0.30073
0.30282
0.30455
0.30774
0.31128
0.31173
0.31808
0.31826
0.3207
0.32296
0.32405
0.3291
0.32991
0.33009
0.33199
0.33523
0.33658
0.33712
0.34134
0.34358
0.34771
0.34878
0.35066
0.35593
0.35986
0.36564
0.37177
0.37452
0.37815
0.38115
0.38204
0.38301
0.38795
0.39981
0.39989
0.40051
0.402
0.41126
0.41239
0.41248
0.41483
0.43397
0.43639
0.44738
0.44815
0.45012
0.45114
0.4555
0.46069
0.46638
0.46638
0.46647
0.47121
0.47788
0.47822
0.48167
0.48209
0.48519
0.48578
0.48763
0.49097
0.49248
0.4929
0.4934
0.49732
0.4974
0.4984
0.50745
0.51258
0.51299
0.51431
0.51835
0.51868
0.51892
0.52007
0.52065
0.5218
0.52278
0.52311
0.52778
0.52843
0.52982
0.53137
0.53748
0.5387
0.54024
0.54097
0.54332
0.54574
0.54905
0.55058
0.55082
0.55517
0.56309
0.56883
0.57232
0.57311
0.57335
0.58188
0.5829
0.58353
0.5884
0.59862
0.5997
0.60513
0.61176
0.61345
0.61605
0.6169
0.62087
0.62285
0.62422
0.62764
0.64053
0.64308
0.64547
0.64569
0.64674
0.64674
0.64904
0.6509
0.65549
0.65638
0.66066
0.66396
0.66747
0.66959
0.67003
0.67025
0.67199
0.67199
0.68234
0.68291
0.68298
0.68435
0.68463
0.68478
0.68492
0.68671
0.69228
0.69278
0.69349
0.69753
0.70107
0.70156
0.70704
0.71206
0.71865
0.71954
0.72401
0.72443
0.72518
0.7337
0.73485
0.73876
0.74017
0.7478
0.75263
0.75829
0.75987
0.76143
0.76274
0.77051
0.77057
0.77423
0.77736
0.77787
0.77819
0.77819
0.77889
0.78067
0.78168
0.7825
0.78389
0.78458
0.78641
0.79079
0.79085
0.79272
0.79632
0.79632
0.80075
0.80259
0.80551
0.81054
0.81402
0.81492
0.81754
0.81879
0.81885
0.82364
0.82452
0.82493
0.82569
0.82972
0.83001
0.83377
0.8355
0.83613
0.8383
0.83887
0.84092
0.84567
0.84684
0.84712
0.84852
0.85036
0.85114
0.85495
0.85556
0.85622
0.85677
0.86555
0.86635
0.86955
0.87109
0.87373
0.87478
0.87723
0.88815
0.89027
0.89162
0.89192
0.89495
0.89569
0.89589
0.89732
0.89952
0.90122
0.90321
0.90431
0.90475
0.90537
0.90718
0.90842
0.90927
0.91251
0.914
0.92247
0.92332
0.92524
0.92529
0.92622
0.9279
0.92821
0.92975
0.93145
0.93339
0.93558
0.93745
0.93863
0.94094
0.94477
0.94757
0.94894
0.95057
0.95309
0.95592
0.9598
0.96088
0.96129
0.96409
0.96413
0.96572
0.96576
0.96697
0.96737
0.96832
0.96903
0.96948
0.96969
0.97105
0.97229
0.97276
0.97486
0.97539
0.97586
0.97734
0.9775
0.97766
0.97773
0.97779
0.97921
0.97995
0.98382
0.98743
0.98873
0.98873
0.98916
0.99158
0.99169
0.99232
0.99243
0.99564
0.996
0.99646
0.99824
0.99829
1.0006
1.0008
1.001
1.0012
1.0018
1.0024
1.0024
1.0025
1.0041
1.0045
1.0046
1.0067
1.0072
1.0076
1.0081
1.0096
1.0097
1.0104
1.0108
1.011
1.0111
1.0116
1.012
1.0121
1.0125
1.0128
1.0146
1.015
1.0153
1.0154
1.017
1.0172
1.0176
1.0177
1.0188
1.019
1.0191
1.0193
1.0194
1.0196
1.0199
1.0207
1.0207
1.0208
1.0208
1.0211
1.0211
1.0212
1.0213
1.0214
1.0214
1.0214
1.0214
1.0214
1.0213
1.0213
1.0212
1.0212
1.0211
1.021
1.021
1.0209
1.0207
1.0206
1.0203
1.02
1.0196
1.0195
1.0189
1.0188
1.0188
1.0181
1.0181
1.018
1.0178
1.0176
1.0174
1.0166
1.0164
1.0156
1.0155
1.0154
1.015
1.015
1.0141
1.0124
1.0116
1.0116
1.011
1.0097
1.0096
1.0095
1.009
1.0081
1.0075
1.0068
1.0062
1.0058
1.0058
1.0056
1.0054
1.0046
1.0037
1.0035
1.0008
0.99999
0.99692
0.99543
0.99397
0.99387
0.99107
0.99104
0.99033
0.98948
0.989
0.98799
0.98792
0.98463
0.98366
0.98253
0.97953
0.97877
0.9782
0.97657
0.97558
0.97495
0.96935
0.96594
0.9628
0.96175
0.96005
0.95981
0.95523
0.95518
0.95482
0.95416
0.94832
0.9472
0.94602
0.94558
0.9445
0.94378
0.94246
0.94069
0.93917
0.93571
0.93536
0.93409
0.93117
0.93029
0.92875
0.92809
0.92387
0.9213
0.92075
0.92019
0.9155
0.91085
0.91027
0.90729
0.90618
0.90572
0.90089
0.89835
0.89537
0.89463
0.89326
0.89017
0.88885
0.88544
0.88488
0.88453
0.88199
0.88107
0.88093
0.88029
0.87765
0.8765
0.87528
0.87485
0.87203
0.86551
0.86373
0.86366
0.86061
0.85626
0.85444
0.85391
0.84504
0.84411
0.84132
0.8357
0.83507
0.83396
0.83318
0.83136
0.82953
0.82715
0.82387
0.81815
0.81774
0.81604
0.81596
0.81506
0.81278
0.8118
0.81082
0.80885
0.80836
0.8082
0.80688
0.80631
0.80598
0.80068
0.79969
0.79877
0.79301
0.78449
0.78237
0.77572
0.77281
0.77255
0.77238
0.76349
0.75514
0.75357
0.7491
0.74338
0.73666
0.73462
0.73248
0.73035
0.72856
0.72732
0.72481
0.7136
0.71269
0.7108
0.70954
0.7071
0.70701
0.70674
0.70194
0.70121
0.69922
0.69568
0.69331
0.69022
0.68301
0.67733
0.66651
0.66651
0.66218
0.66025
0.65786
0.65666
0.65085
0.63903
0.63431
0.63126
0.62775
0.62506
0.61405
0.61155
0.60803
0.60692
0.60443
0.60415
0.60304
0.59361
0.59037
0.58742
0.58668
0.58078
0.58022
0.57672
0.57442
0.56872
0.56706
0.56614
0.5633
0.55725
0.55386
0.54774
0.54609
0.54564
0.53826
0.53572
0.53463
0.53019
0.52721
0.52712
0.52621
0.52603
0.52035
0.51783
0.5164
0.51137
0.50708
0.49544
0.49287
0.49049
0.48644
0.48627
0.4846
0.48162
0.4811
0.47804
0.46961
0.46633
0.46452
0.46306
0.46254
0.46237
0.46091
0.45937
0.45237
0.44224
0.44216
0.43973
0.43731
0.43522
0.43373
0.43356
0.43058
0.42967
0.42695
0.42408
0.42302
0.4213
0.41578
0.41506
0.41272
0.40983
0.40871
0.40863
0.40322
0.40195
0.40164
0.40038
0.40014
0.39739
0.39606
0.39473
0.39077
0.3883
0.3873
0.38355
0.38036
0.38029
0.37915
0.37704
0.37614
0.37389
0.37033
0.36944
0.36583
0.36117
0.35721
0.35393
0.3511
0.34914
0.34893
0.34365
0.34234
0.33717
0.32755
0.32735
0.32716
0.32696
0.32625
0.32489
0.32328
0.32059
0.31977
0.31952
0.31813
0.3134
0.31297
0.31119
0.31003
0.30666
0.30607
0.29887
0.29699
0.29608
0.29372
0.29255
0.29206
0.29041
0.28824
0.28797
0.28631
0.28615
0.28504
0.28483
0.27595
0.27545
0.27536
0.27331
0.27317
0.2714
0.269
0.26571
0.26549
0.2654
0.26469
0.2638
0.26341
0.2612
0.2609
0.26009
0.25967
0.25938
0.25582
0.2553
0.25526
0.25463
0.25125
0.24949
0.24902
0.24628
0.2455
0.24394
0.24234
0.24187
0.24166
0.24095
0.24071
0.24053
0.24038
0.23932
0.23868
0.23834
0.23699
0.23669
0.2363
0.23557
0.23523
0.23438
0.23397
0.23356
0.23291
0.23041
0.23025
0.23
0.22937
0.22758
0.22757
0.22745
0.22722
0.22714
0.22714
0.22707
0.22673
0.22646
0.22589
0.22563
0.22471
0.22463
0.22458
0.22414
0.22343
0.22304
0.22301
0.22293
0.22291
